------------------------------------------------------
|  Number  |      |  Monthly     |  Yearly Balance  **|
| Of Years |      |Contributions |4.5   % |5     .0% |5.5   % |
|          |      |              |      |      |      |

------------------------------------------------------
|          |      |              |      |      |      |
|1         |2017  |100.00|100.00 |100.00|100.00|
|          |      |              |      |      |      |
|2         |2017  |110.00|214.50 |210.42|215.50|
|          |      |              |      |      |      |
|3         |2017  |120.00|344.15 |331.29|347.35|
|          |      |              |      |      |      |
|4         |2017  |130.00|489.64 |462.67|496.46|
|          |      |              |      |      |      |
|5         |2017  |140.00|651.67 |604.60|663.76|
|          |      |              |      |      |      |
|6         |2017  |150.00|831.00 |757.12|850.27|
|          |      |              |      |      |      |
|7         |2017  |160.00|1028.39 |920.28|1057.03|
|          |      |              |      |      |      |
|8         |2017  |170.00|1244.67 |1094.11|1285.17|
|          |      |              |      |      |      |
|9         |2017  |180.00|1480.68 |1278.67|1535.85|
|          |      |              |      |      |      |
|10        |2017  |190.00|1737.31 |1474.00|1810.33|
|          |      |              |      |      |      |
|11        |2017  |200.00|2015.49 |1680.14|2109.89|
|          |      |              |      |      |      |
|12        |2017  |210.00|2316.19 |1897.14|2435.94|
|          |      |              |      |      |      |
|13        |2017  |220.00|2640.42 |2125.04|2789.92|
|          |      |              |      |      |      |
|14        |2017  |230.00|2989.23 |2363.90|3173.36|
|          |      |              |      |      |      |
|15        |2017  |240.00|3363.75 |2613.75|3587.90|
|          |      |              |      |      |      |
|16        |2017  |250.00|3765.12 |2874.64|4035.23|
|          |      |              |      |      |      |
|17        |2017  |260.00|4194.55 |3146.62|4517.17|
|          |      |              |      |      |      |
|18        |2017  |270.00|4653.30 |3429.73|5035.61|
|          |      |              |      |      |      |
|19        |2017  |280.00|5142.70 |3724.02|5592.57|
|          |      |              |      |      |      |
|20        |2017  |290.00|5664.12 |4029.53|6190.16|
|          |      |              |      |      |      |
|21        |2017  |300.00|6219.01 |4346.32|6830.62|
|          |      |              |      |      |      |
|22        |2017  |310.00|6808.86 |4674.43|7516.30|
|          |      |              |      |      |      |
|23        |2017  |320.00|7435.26 |5013.91|8249.70|
|          |      |              |      |      |      |
|24        |2017  |330.00|8099.85 |5364.80|9033.43|
|          |      |              |      |      |      |
|25        |2017  |340.00|8804.34 |5727.15|9870.27|
|          |      |              |      |      |      |
|26        |2017  |350.00|9550.54 |6101.02|10763.13|
|          |      |              |      |      |      |
|27        |2017  |360.00|10340.31 |6486.44|11715.10|
|          |      |              |      |      |      |
|28        |2017  |370.00|11175.62 |6883.47|12729.43|
|          |      |              |      |      |      |
|29        |2017  |380.00|12058.53 |7292.15|13809.55|
|          |      |              |      |      |      |
|30        |2017  |390.00|12991.16 |7712.53|14959.08|
|          |      |              |      |      |      |
|31        |2017  |400.00|13975.76 |8144.67|16181.83|
|          |      |              |      |      |      |
|32        |2017  |410.00|15014.67 |8588.60|17481.82|
|          |      |              |      |      |      |
|33        |2017  |420.00|16110.33 |9044.39|18863.32|
|          |      |              |      |      |      |
|34        |2017  |430.00|17265.29 |9512.07|20330.81|
|          |      |              |      |      |      |
|35        |2017  |440.00|18482.23 |9991.71|21889.00|
|          |      |              |      |      |      |
|36        |2017  |450.00|19763.93 |10483.34|23542.89|
|          |      |              |      |      |      |
|37        |2017  |460.00|21113.30 |10987.02|25297.75|
|          |      |              |      |      |      |
|38        |2017  |470.00|22533.40 |11502.80|27159.13|
|          |      |              |      |      |      |
|39        |2017  |480.00|24027.40 |12030.73|29132.88|
|          |      |              |      |      |      |
|40        |2017  |490.00|25598.63 |12570.86|31225.18|
|          |      |              |      |      |      |
|41        |2017  |500.00|27250.57 |13123.23|33442.57|
|          |      |              |      |      |      |
|42        |2017  |510.00|28986.85 |13687.91|35791.91|
|          |      |              |      |      |      |
|43        |2017  |520.00|30811.25 |14264.95|38280.46|
|          |      |              |      |      |      |
|44        |2017  |530.00|32727.76 |14854.38|40915.88|
|          |      |              |      |      |      |
|45        |2017  |540.00|34740.51 |15456.28|43706.25|
|          |      |              |      |      |      |
|46        |2017  |550.00|36853.83 |16070.68|46660.09|
|          |      |              |      |      |      |
|47        |2017  |560.00|39072.25 |16697.64|49786.39|
|          |      |              |      |      |      |
|48        |2017  |570.00|41400.50 |17337.21|53094.64|
|          |      |              |      |      |      |
|49        |2017  |580.00|43843.52 |17989.45|56594.85|
|          |      |              |      |      |      |
|50        |2017  |590.00|46406.48 |18654.41|60297.56|
|          |      |              |      |      |      |
|51        |2017  |600.00|49094.77 |19332.14|64213.93|
|          |      |              |      |      |      |
|52        |2017  |610.00|51914.03 |20022.69|68355.69|
|          |      |              |      |      |      |
|53        |2017  |620.00|54870.16 |20726.12|72735.25|
|          |      |              |      |      |      |
|54        |2017  |630.00|57969.31 |21442.47|77365.69|
|          |      |              |      |      |      |
|55        |2017  |640.00|61217.93 |22171.82|82260.80|
|          |      |              |      |      |      |
|56        |2017  |650.00|64622.73 |22914.20|87435.13|
|          |      |              |      |      |      |
|57        |2017  |660.00|68190.76 |23669.68|92904.06|
|          |      |              |      |      |      |
|58        |2017  |670.00|71929.34 |24438.30|98683.78|
|          |      |              |      |      |      |
|59        |2017  |680.00|75846.16 |25220.13|104791.38|
|          |      |              |      |      |      |
|60        |2017  |690.00|79949.23 |26015.21|111244.91|
|          |      |              |      |      |      |
|61        |2017  |700.00|84246.94 |26823.61|118063.37|
|          |      |              |      |      |      |
|62        |2017  |710.00|88748.05 |27645.37|125266.84|
|          |      |              |      |      |      |
|63        |2017  |720.00|93461.70 |28480.56|132876.52|
|          |      |              |      |      |      |
|64        |2017  |730.00|98397.48 |29329.23|140914.72|
|          |      |              |      |      |      |
|65        |2017  |740.00|103565.36 |30191.44|149405.02|
|          |      |              |      |      |      |
|66        |2017  |750.00|108975.80 |31067.23|158372.28|
|          |      |              |      |      |      |
|67        |2017  |760.00|114639.70 |31956.68|167842.75|
|          |      |              |      |      |      |
|68        |2017  |770.00|120568.48 |32859.84|177844.09|
|          |      |              |      |      |      |
|69        |2017  |780.00|126774.06 |33776.75|188405.52|
|          |      |              |      |      |      |
|70        |2017  |790.00|133268.89 |34707.49|199557.81|
|          |      |              |      |      |      |
|71        |2017  |800.00|140065.98 |35652.10|211333.48|
|          |      |              |      |      |      |
|72        |2017  |810.00|147178.95 |36610.65|223766.81|
|          |      |              |      |      |      |
|73        |2017  |820.00|154622.00 |37583.20|236893.97|
|          |      |              |      |      |      |
|74        |2017  |830.00|162409.98 |38569.79|250753.13|
|          |      |              |      |      |      |
|75        |2017  |840.00|170558.42 |39570.50|265384.53|
|          |      |              |      |      |      |
|76        |2017  |850.00|179083.55 |40585.38|280830.66|
|          |      |              |      |      |      |
|77        |2017  |860.00|188002.30 |41614.48|297136.31|
|          |      |              |      |      |      |
|78        |2017  |870.00|197332.39 |42657.88|314348.78|
|          |      |              |      |      |      |
|79        |2017  |880.00|207092.34 |43715.62|332517.94|
|          |      |              |      |      |      |
|80        |2017  |890.00|217301.48 |44787.77|351696.41|
|          |      |              |      |      |      |
|81        |2017  |900.00|227980.05 |45874.39|371939.69|
|          |      |              |      |      |      |
|82        |2017  |910.00|239149.14 |46975.53|393306.34|
|          |      |              |      |      |      |
|83        |2017  |920.00|250830.84 |48091.26|415858.19|
|          |      |              |      |      |      |
|84        |2017  |930.00|263048.22 |49221.64|439660.38|
|          |      |              |      |      |      |
|85        |2017  |940.00|275825.38 |50366.73|464781.69|
|          |      |              |      |      |      |
|86        |2017  |950.00|289187.50 |51526.59|491294.66|
|          |      |              |      |      |      |
|87        |2017  |960.00|303160.94 |52701.29|519275.84|
|          |      |              |      |      |      |
|88        |2017  |970.00|317773.16 |53890.88|548806.00|
|          |      |              |      |      |      |
|89        |2017  |980.00|333052.94 |55095.43|579970.31|
|          |      |              |      |      |      |
|90        |2017  |990.00|349030.31 |56314.99|612858.63|
|          |      |              |      |      |      |
|91        |2017  |1000.00|365736.66 |57549.63|647565.81|
|          |      |              |      |      |      |
|92        |2017  |1010.00|383204.78 |58799.42|684191.88|
|          |      |              |      |      |      |
|93        |2017  |1020.00|401468.97 |60064.42|722842.38|
|          |      |              |      |      |      |
|94        |2017  |1030.00|420565.06 |61344.69|763628.69|
|          |      |              |      |      |      |
|95        |2017  |1040.00|440530.47 |62640.29|806668.25|
|          |      |              |      |      |      |
|96        |2017  |1050.00|461404.31 |63951.29|852084.94|
|          |      |              |      |      |      |
|97        |2017  |1060.00|483227.50 |65277.75|900009.56|
|          |      |              |      |      |      |
|98        |2017  |1070.00|506042.72 |66619.74|950580.06|
|          |      |              |      |      |      |
|99        |2017  |1080.00|529894.63 |67977.33|1003941.94|
|          |      |              |      |      |      |
|100       |2017  |1090.00|554829.88 |69350.57|1060248.75|
|          |      |              |      |      |      |
|101       |2017  |1100.00|580897.19 |70739.53|1119662.38|
|          |      |              |      |      |      |
|102       |2017  |1110.00|608147.56 |72144.28|1182353.75|
|          |      |              |      |      |      |
|103       |2017  |1120.00|636634.19 |73564.88|1248503.13|
|          |      |              |      |      |      |
|104       |2017  |1130.00|666412.69 |75001.41|1318300.75|
|          |      |              |      |      |      |
|105       |2017  |1140.00|697541.25 |76453.91|1391947.25|
|          |      |              |      |      |      |
|106       |2017  |1150.00|730080.56 |77922.47|1469654.25|
|          |      |              |      |      |      |
|107       |2017  |1160.00|764094.19 |79407.15|1551645.13|
|          |      |              |      |      |      |
|108       |2017  |1170.00|799648.38 |80908.01|1638155.50|
|          |      |              |      |      |      |
|109       |2017  |1180.00|836812.50 |82425.13|1729434.00|
|          |      |              |      |      |      |
|110       |2017  |1190.00|875659.00 |83958.56|1825742.75|
|          |      |              |      |      |      |
|111       |2017  |1200.00|916263.63 |85508.39|1927358.50|
|          |      |              |      |      |      |
|112       |2017  |1210.00|958705.44 |87074.67|2034573.13|
|          |      |              |      |      |      |
|113       |2017  |1220.00|1003067.13 |88657.48|2147694.50|
|          |      |              |      |      |      |
|114       |2017  |1230.00|1049435.13 |90256.89|2267047.50|
|          |      |              |      |      |      |
|115       |2017  |1240.00|1097899.63 |91872.96|2392975.00|
|          |      |              |      |      |      |
|116       |2017  |1250.00|1148555.00 |93505.77|2525838.50|
|          |      |              |      |      |      |
|117       |2017  |1260.00|1201499.88 |95155.38|2666019.50|
|          |      |              |      |      |      |
|118       |2017  |1270.00|1256837.38 |96821.86|2813920.50|
|          |      |              |      |      |      |
|119       |2017  |1280.00|1314675.00 |98505.28|2969966.00|
|          |      |              |      |      |      |
|120       |2017  |1290.00|1375125.38 |100205.72|3134604.00|
|          |      |              |      |      |      |
|121       |2017  |1300.00|1438306.00 |101923.24|3308307.00|
|          |      |              |      |      |      |
|122       |2017  |1310.00|1504339.75 |103657.92|3491573.75|
|          |      |              |      |      |      |
|123       |2017  |1320.00|1573355.00 |105409.83|3684930.00|
|          |      |              |      |      |      |
|124       |2017  |1330.00|1645485.88 |107179.04|3888931.00|
|          |      |              |      |      |      |
|125       |2017  |1340.00|1720872.63 |108965.62|4104162.00|
|          |      |              |      |      |      |
|126       |2017  |1350.00|1799661.88 |110769.64|4331240.50|
|          |      |              |      |      |      |
|127       |2017  |1360.00|1882006.63 |112591.18|4570818.50|
|          |      |              |      |      |      |
|128       |2017  |1370.00|1968066.88 |114430.31|4823583.50|
|          |      |              |      |      |      |
|129       |2017  |1380.00|2058009.75 |116287.11|5090260.50|
|          |      |              |      |      |      |
|130       |2017  |1390.00|2152010.00 |118161.64|5371614.50|
|          |      |              |      |      |      |
|131       |2017  |1400.00|2250250.25 |120053.98|5668453.00|
|          |      |              |      |      |      |
|132       |2017  |1410.00|2352921.50 |121964.21|5981627.50|
|          |      |              |      |      |      |
|133       |2017  |1420.00|2460222.75 |123892.40|6312036.50|
|          |      |              |      |      |      |
|134       |2017  |1430.00|2572362.75 |125838.62|6660628.00|
|          |      |              |      |      |      |
|135       |2017  |1440.00|2689559.00 |127802.95|7028402.00|
|          |      |              |      |      |      |
|136       |2017  |1450.00|2812039.00 |129785.46|7416413.50|
|          |      |              |      |      |      |
|137       |2017  |1460.00|2940040.75 |131786.23|7825776.00|
|          |      |              |      |      |      |
|138       |2017  |1470.00|3073812.50 |133805.34|8257663.50|
|          |      |              |      |      |      |
|139       |2017  |1480.00|3213614.00 |135842.86|8713315.00|
|          |      |              |      |      |      |
|140       |2017  |1490.00|3359716.50 |137898.88|9194037.00|
|          |      |              |      |      |      |
|141       |2017  |1500.00|3512403.50 |139973.45|9701209.00|
|          |      |              |      |      |      |
|142       |2017  |1510.00|3671971.50 |142066.67|10236285.00|
|          |      |              |      |      |      |
|143       |2017  |1520.00|3838730.00 |144178.61|10800800.00|
|          |      |              |      |      |      |
|144       |2017  |1530.00|4013002.75 |146309.36|11396373.00|
|          |      |              |      |      |      |
|145       |2017  |1540.00|4195128.00 |148458.98|12024713.00|
|          |      |              |      |      |      |
|146       |2017  |1550.00|4385458.50 |150627.56|12687622.00|
|          |      |              |      |      |      |
|147       |2017  |1560.00|4584364.00 |152815.17|13387001.00|
|          |      |              |      |      |      |
|148       |2017  |1570.00|4792230.00 |155021.91|14124855.00|
|          |      |              |      |      |      |
|149       |2017  |1580.00|5009460.00 |157247.83|14903301.00|
|          |      |              |      |      |      |
|150       |2017  |1590.00|5236475.50 |159493.03|15724572.00|
|          |      |              |      |      |      |
|151       |2017  |1600.00|5473716.50 |161757.58|16591023.00|
|          |      |              |      |      |      |
|152       |2017  |1610.00|5721643.50 |164041.56|17505138.00|
|          |      |              |      |      |      |
|153       |2017  |1620.00|5980737.00 |166345.06|18469540.00|
|          |      |              |      |      |      |
|154       |2017  |1630.00|6251500.00 |168668.17|19486994.00|
|          |      |              |      |      |      |
|155       |2017  |1640.00|6534457.00 |171010.95|20560418.00|
|          |      |              |      |      |      |
|156       |2017  |1650.00|6830157.50 |173373.50|21692890.00|
|          |      |              |      |      |      |
|157       |2017  |1660.00|7139174.50 |175755.89|22887658.00|
|          |      |              |      |      |      |
|158       |2017  |1670.00|7462107.00 |178158.20|24148148.00|
|          |      |              |      |      |      |
|159       |2017  |1680.00|7799581.50 |180580.53|25477974.00|
|          |      |              |      |      |      |
|160       |2017  |1690.00|8152252.50 |183022.95|26880952.00|
|          |      |              |      |      |      |
|161       |2017  |1700.00|8520804.00 |185485.55|28361102.00|
|          |      |              |      |      |      |
|162       |2017  |1710.00|8905950.00 |187968.41|29922672.00|
|          |      |              |      |      |      |
|163       |2017  |1720.00|9308437.00 |190471.61|31570138.00|
|          |      |              |      |      |      |
|164       |2017  |1730.00|9729046.00 |192995.23|33308224.00|
|          |      |              |      |      |      |
|165       |2017  |1740.00|10168593.00 |195539.38|35141916.00|
|          |      |              |      |      |      |
|166       |2017  |1750.00|10627929.00 |198104.13|37076472.00|
|          |      |              |      |      |      |
|167       |2017  |1760.00|11107945.00 |200689.56|39117436.00|
|          |      |              |      |      |      |
|168       |2017  |1770.00|11609572.00 |203295.77|41270664.00|
|          |      |              |      |      |      |
|169       |2017  |1780.00|12133782.00 |205922.83|43542328.00|
|          |      |              |      |      |      |
|170       |2017  |1790.00|12681592.00 |208570.84|45938944.00|
|          |      |              |      |      |      |
|171       |2017  |1800.00|13254063.00 |211239.89|48467384.00|
|          |      |              |      |      |      |
|172       |2017  |1810.00|13852305.00 |213930.06|51134896.00|
|          |      |              |      |      |      |
|173       |2017  |1820.00|14477478.00 |216641.44|53949132.00|
|          |      |              |      |      |      |
|174       |2017  |1830.00|15130794.00 |219374.11|56918160.00|
|          |      |              |      |      |      |
|175       |2017  |1840.00|15813519.00 |222128.17|60050496.00|
|          |      |              |      |      |      |
|176       |2017  |1850.00|16526977.00 |224903.70|63355120.00|
|          |      |              |      |      |      |
|177       |2017  |1860.00|17272550.00 |227700.80|66841508.00|
|          |      |              |      |      |      |
|178       |2017  |1870.00|18051684.00 |230519.55|70519656.00|
|          |      |              |      |      |      |
|179       |2017  |1880.00|18865890.00 |233360.05|74400112.00|
|          |      |              |      |      |      |
|180       |2017  |1890.00|19716744.00 |236222.38|78494000.00|
|          |      |              |      |      |      |
|181       |2017  |1900.00|20605896.00 |239106.64|82813072.00|
|          |      |              |      |      |      |
|182       |2017  |1910.00|21535070.00 |242012.92|87369696.00|
|          |      |              |      |      |      |
|183       |2017  |1920.00|22506068.00 |244941.31|92176944.00|
|          |      |              |      |      |      |
|184       |2017  |1930.00|23520770.00 |247891.91|97248600.00|
|          |      |              |      |      |      |
|185       |2017  |1940.00|24581144.00 |250864.80|102599200.00|
|          |      |              |      |      |      |
|186       |2017  |1950.00|25689244.00 |253860.06|108244104.00|
|          |      |              |      |      |      |
|187       |2017  |1960.00|26847218.00 |256877.81|114199488.00|
|          |      |              |      |      |      |
|188       |2017  |1970.00|28057312.00 |259918.14|120482424.00|
|          |      |              |      |      |      |
|189       |2017  |1980.00|29321870.00 |262981.13|127110928.00|
|          |      |              |      |      |      |
|190       |2017  |1990.00|30643342.00 |266066.88|134104016.00|
|          |      |              |      |      |      |
|191       |2017  |2000.00|32024292.00 |269175.50|141481728.00|
|          |      |              |      |      |      |
|192       |2017  |2010.00|33467394.00 |272307.06|149265232.00|
|          |      |              |      |      |      |
|193       |2017  |2020.00|34975444.00 |275461.69|157476832.00|
|          |      |              |      |      |      |
|194       |2017  |2030.00|36551368.00 |278639.44|166140080.00|
|          |      |              |      |      |      |
|195       |2017  |2040.00|38198216.00 |281840.44|175279808.00|
|          |      |              |      |      |      |
|196       |2017  |2050.00|39919184.00 |285064.78|184922240.00|
|          |      |              |      |      |      |
|197       |2017  |2060.00|41717604.00 |288312.56|195095024.00|
|          |      |              |      |      |      |
|198       |2017  |2070.00|43596968.00 |291583.88|205827312.00|
|          |      |              |      |      |      |
|199       |2017  |2080.00|45560908.00 |294878.81|217149888.00|
|          |      |              |      |      |      |
|200       |2017  |2090.00|47613240.00 |298197.47|229095216.00|
|          |      |              |      |      |      |
|201       |2017  |2100.00|49757932.00 |301539.97|241697536.00|
|          |      |              |      |      |      |
|202       |2017  |2110.00|51999144.00 |304906.38|254992992.00|
|          |      |              |      |      |      |
|203       |2017  |2120.00|54341224.00 |308296.81|269019712.00|
|          |      |              |      |      |      |
|204       |2017  |2130.00|56788704.00 |311711.38|283817920.00|
|          |      |              |      |      |      |
|205       |2017  |2140.00|59346332.00 |315150.19|299430048.00|
|          |      |              |      |      |      |
|206       |2017  |2150.00|62019064.00 |318613.31|315900832.00|
|          |      |              |      |      |      |
|207       |2017  |2160.00|64812080.00 |322100.88|333277504.00|
|          |      |              |      |      |      |
|208       |2017  |2170.00|67730792.00 |325612.97|351609920.00|
|          |      |              |      |      |      |
|209       |2017  |2180.00|70780848.00 |329149.69|370950624.00|
|          |      |              |      |      |      |
|210       |2017  |2190.00|73968176.00 |332711.16|391355072.00|
|          |      |              |      |      |      |
|211       |2017  |2200.00|77298944.00 |336297.44|412881792.00|
|          |      |              |      |      |      |
|212       |2017  |2210.00|80779600.00 |339908.69|435592480.00|
|          |      |              |      |      |      |
|213       |2017  |2220.00|84416896.00 |343544.97|459552256.00|
|          |      |              |      |      |      |
|214       |2017  |2230.00|88217888.00 |347206.41|484829856.00|
|          |      |              |      |      |      |
|215       |2017  |2240.00|92189928.00 |350893.09|511497728.00|
|          |      |              |      |      |      |
|216       |2017  |2250.00|96340720.00 |354605.16|539632320.00|
|          |      |              |      |      |      |
|217       |2017  |2260.00|100678304.00 |358342.69|569314304.00|
|          |      |              |      |      |      |
|218       |2017  |2270.00|105211096.00 |362105.78|600628800.00|
|          |      |              |      |      |      |
|219       |2017  |2280.00|109947872.00 |365894.56|633665664.00|
|          |      |              |      |      |      |
|220       |2017  |2290.00|114897808.00 |369709.13|668519552.00|
|          |      |              |      |      |      |
|221       |2017  |2300.00|120070512.00 |373549.59|705290368.00|
|          |      |              |      |      |      |
|222       |2017  |2310.00|125475992.00 |377416.06|744083584.00|
|          |      |              |      |      |      |
|223       |2017  |2320.00|131124728.00 |381308.63|785010432.00|
|          |      |              |      |      |      |
|224       |2017  |2330.00|137027664.00 |385227.41|828188288.00|
|          |      |              |      |      |      |
|225       |2017  |2340.00|143196240.00 |389172.53|873740992.00|
|          |      |              |      |      |      |
|226       |2017  |2350.00|149642416.00 |393144.09|921799040.00|
|          |      |              |      |      |      |
|227       |2017  |2360.00|156378688.00 |397142.19|972500288.00|
|          |      |              |      |      |      |
|228       |2017  |2370.00|163418096.00 |401166.94|1025990144.00|
|          |      |              |      |      |      |
|229       |2017  |2380.00|170774288.00 |405218.47|1082422016.00|
|          |      |              |      |      |      |
|230       |2017  |2390.00|178461504.00 |409296.88|1141957632.00|
|          |      |              |      |      |      |
|231       |2017  |2400.00|186494672.00 |413402.28|1204767616.00|
|          |      |              |      |      |      |
|232       |2017  |2410.00|194889344.00 |417534.78|1271032192.00|
|          |      |              |      |      |      |
|233       |2017  |2420.00|203661776.00 |421694.50|1340941312.00|
|          |      |              |      |      |      |
|234       |2017  |2430.00|212828976.00 |425881.56|1414695424.00|
|          |      |              |      |      |      |
|235       |2017  |2440.00|222408704.00 |430096.06|1492505984.00|
|          |      |              |      |      |      |
|236       |2017  |2450.00|232419536.00 |434338.13|1574596224.00|
|          |      |              |      |      |      |
|237       |2017  |2460.00|242880864.00 |438607.88|1661201408.00|
|          |      |              |      |      |      |
|238       |2017  |2470.00|253812960.00 |442905.41|1752569856.00|
|          |      |              |      |      |      |
|239       |2017  |2480.00|265237008.00 |447230.84|1848963584.00|
|          |      |              |      |      |      |
|240       |2017  |2490.00|277175168.00 |451584.31|1950658944.00|
|          |      |              |      |      |      |
|241       |2017  |2500.00|289650528.00 |455965.91|2057947648.00|
|          |      |              |      |      |      |
|242       |2017  |2510.00|302687296.00 |460375.75|2171137280.00|
|          |      |              |      |      |      |
|243       |2017  |2520.00|316310752.00 |464813.97|2290552320.00|
|          |      |              |      |      |      |
|244       |2017  |2530.00|330547264.00 |469280.69|2416535040.00|
|          |      |              |      |      |      |
|245       |2017  |2540.00|345424416.00 |473776.03|2549446912.00|
|          |      |              |      |      |      |
|246       |2017  |2550.00|360971072.00 |478300.09|2689668864.00|
|          |      |              |      |      |      |
|247       |2017  |2560.00|377217312.00 |482853.00|2837603072.00|
|          |      |              |      |      |      |
|248       |2017  |2570.00|394194624.00 |487434.88|2993673728.00|
|          |      |              |      |      |      |
|249       |2017  |2580.00|411935968.00 |492045.84|3158328064.00|
|          |      |              |      |      |      |
|250       |2017  |2590.00|430475648.00 |496686.03|3332038400.00|
|          |      |              |      |      |      |
|251       |2017  |2600.00|449849632.00 |501355.56|3515302912.00|
|          |      |              |      |      |      |
|252       |2017  |2610.00|470095456.00 |506054.53|3708646912.00|
|          |      |              |      |      |      |
|253       |2017  |2620.00|491252352.00 |510783.09|3912624896.00|
|          |      |              |      |      |      |
|254       |2017  |2630.00|513361312.00 |515541.34|4127821568.00|
|          |      |              |      |      |      |
|255       |2017  |2640.00|536465216.00 |520329.44|4354853888.00|
|          |      |              |      |      |      |
|256       |2017  |2650.00|560608768.00 |525147.50|4594373120.00|
|          |      |              |      |      |      |
|257       |2017  |2660.00|585838848.00 |529995.63|4847066112.00|
|          |      |              |      |      |      |
|258       |2017  |2670.00|612204288.00 |534873.94|5113656832.00|
|          |      |              |      |      |      |
|259       |2017  |2680.00|639756160.00 |539782.56|5394910208.00|
|          |      |              |      |      |      |
|260       |2017  |2690.00|668547840.00 |544721.69|5691632640.00|
|          |      |              |      |      |      |
|261       |2017  |2700.00|698635136.00 |549691.38|6004674560.00|
|          |      |              |      |      |      |
|262       |2017  |2710.00|730076352.00 |554691.75|6334934016.00|
|          |      |              |      |      |      |
|263       |2017  |2720.00|762932480.00 |559722.94|6683357696.00|
|          |      |              |      |      |      |
|264       |2017  |2730.00|797267136.00 |564785.13|7050944512.00|
|          |      |              |      |      |      |
|265       |2017  |2740.00|833146880.00 |569878.38|7438748672.00|
|          |      |              |      |      |      |
|266       |2017  |2750.00|870641216.00 |575002.88|7847882240.00|
|          |      |              |      |      |      |
|267       |2017  |2760.00|909822784.00 |580158.75|8279517696.00|
|          |      |              |      |      |      |
|268       |2017  |2770.00|950767552.00 |585346.06|8734894080.00|
|          |      |              |      |      |      |
|269       |2017  |2780.00|993554816.00 |590565.00|9215315968.00|
|          |      |              |      |      |      |
|270       |2017  |2790.00|1038267584.00 |595815.69|9722161152.00|
|          |      |              |      |      |      |
|271       |2017  |2800.00|1084992384.00 |601098.25|10256882688.00|
|          |      |              |      |      |      |
|272       |2017  |2810.00|1133819776.00 |606412.81|10821013504.00|
|          |      |              |      |      |      |
|273       |2017  |2820.00|1184844416.00 |611759.56|11416171520.00|
|          |      |              |      |      |      |
|274       |2017  |2830.00|1238165120.00 |617138.56|12044063744.00|
|          |      |              |      |      |      |
|275       |2017  |2840.00|1293885312.00 |622550.00|12706489344.00|
|          |      |              |      |      |      |
|276       |2017  |2850.00|1352112896.00 |627993.94|13405348864.00|
|          |      |              |      |      |      |
|277       |2017  |2860.00|1412960768.00 |633470.56|14142645248.00|
|          |      |              |      |      |      |
|278       |2017  |2870.00|1476546816.00 |638980.00|14920493056.00|
|          |      |              |      |      |      |
|279       |2017  |2880.00|1542994176.00 |644522.44|15741122560.00|
|          |      |              |      |      |      |
|280       |2017  |2890.00|1612431744.00 |650097.94|16606886912.00|
|          |      |              |      |      |      |
|281       |2017  |2900.00|1684994048.00 |655706.69|17520267264.00|
|          |      |              |      |      |      |
|282       |2017  |2910.00|1760821632.00 |661348.81|18483884032.00|
|          |      |              |      |      |      |
|283       |2017  |2920.00|1840061440.00 |667024.44|19500498944.00|
|          |      |              |      |      |      |
|284       |2017  |2930.00|1922867072.00 |672733.69|20573028352.00|
|          |      |              |      |      |      |
|285       |2017  |2940.00|2009398912.00 |678476.75|21704546304.00|
|          |      |              |      |      |      |
|286       |2017  |2950.00|2099824768.00 |684253.75|22898296832.00|
|          |      |              |      |      |      |
|287       |2017  |2960.00|2194319872.00 |690064.81|24157704192.00|
|          |      |              |      |      |      |
|288       |2017  |2970.00|2293067264.00 |695910.06|25486379008.00|
|          |      |              |      |      |      |
|289       |2017  |2980.00|2396258304.00 |701789.69|26888130560.00|
|          |      |              |      |      |      |
|290       |2017  |2990.00|2504092928.00 |707703.81|28366979072.00|
|          |      |              |      |      |      |
|291       |2017  |3000.00|2616780032.00 |713652.56|29927163904.00|
|          |      |              |      |      |      |
|292       |2017  |3010.00|2734537984.00 |719636.13|31573157888.00|
|          |      |              |      |      |      |
|293       |2017  |3020.00|2857595136.00 |725654.63|33309681664.00|
|          |      |              |      |      |      |
|294       |2017  |3030.00|2986189824.00 |731708.19|35141718016.00|
|          |      |              |      |      |      |
|295       |2017  |3040.00|3120571392.00 |737797.00|37074513920.00|
|          |      |              |      |      |      |
|296       |2017  |3050.00|3260999936.00 |743921.13|39113613312.00|
|          |      |              |      |      |      |
|297       |2017  |3060.00|3407747840.00 |750080.81|41264865280.00|
|          |      |              |      |      |      |
|298       |2017  |3070.00|3561099520.00 |756276.13|43534434304.00|
|          |      |              |      |      |      |
|299       |2017  |3080.00|3721351936.00 |762507.25|45928828928.00|
|          |      |              |      |      |      |
|300       |2017  |3090.00|3888815616.00 |768774.38|48454918144.00|
|          |      |              |      |      |      |
|301       |2017  |3100.00|4063815168.00 |775077.63|51119939584.00|
|          |      |              |      |      |      |
|302       |2017  |3110.00|4246689792.00 |781417.13|53931536384.00|
|          |      |              |      |      |      |
|303       |2017  |3120.00|4437793792.00 |787793.00|56897773568.00|
|          |      |              |      |      |      |
|304       |2017  |3130.00|4637497344.00 |794205.50|60027150336.00|
|          |      |              |      |      |      |
|305       |2017  |3140.00|4846187520.00 |800654.69|63328645120.00|
|          |      |              |      |      |      |
|306       |2017  |3150.00|5064268800.00 |807140.75|66811719680.00|
|          |      |              |      |      |      |
|307       |2017  |3160.00|5292163584.00 |813663.81|70486360064.00|
|          |      |              |      |      |      |
|308       |2017  |3170.00|5530313728.00 |820224.06|74363109376.00|
|          |      |              |      |      |      |
|309       |2017  |3180.00|5779180544.00 |826821.69|78453080064.00|
|          |      |              |      |      |      |
|310       |2017  |3190.00|6039246336.00 |833456.75|82767994880.00|
|          |      |              |      |      |      |
|311       |2017  |3200.00|6311015424.00 |840129.50|87320231936.00|
|          |      |              |      |      |      |
|312       |2017  |3210.00|6595014144.00 |846840.06|92122841088.00|
|          |      |              |      |      |      |
|313       |2017  |3220.00|6891792384.00 |853588.56|97189593088.00|
|          |      |              |      |      |      |
|314       |2017  |3230.00|7201925632.00 |860375.19|102535012352.00|
|          |      |              |      |      |      |
|315       |2017  |3240.00|7526014976.00 |867200.06|108174434304.00|
|          |      |              |      |      |      |
|316       |2017  |3250.00|7864688640.00 |874063.38|114124021760.00|
|          |      |              |      |      |      |
|317       |2017  |3260.00|8218602496.00 |880965.31|120400838656.00|
|          |      |              |      |      |      |
|318       |2017  |3270.00|8588442112.00 |887906.00|127022874624.00|
|          |      |              |      |      |      |
|319       |2017  |3280.00|8974924800.00 |894885.63|134009126912.00|
|          |      |              |      |      |      |
|320       |2017  |3290.00|9378798592.00 |901904.31|141379616768.00|
|          |      |              |      |      |      |
|321       |2017  |3300.00|9800847360.00 |908962.25|149155495936.00|
|          |      |              |      |      |      |
|322       |2017  |3310.00|10241888256.00 |916059.56|157359046656.00|
|          |      |              |      |      |      |
|323       |2017  |3320.00|10702776320.00 |923196.50|166013779968.00|
|          |      |              |      |      |      |
|324       |2017  |3330.00|11184403456.00 |930373.13|175144534016.00|
|          |      |              |      |      |      |
|325       |2017  |3340.00|11687704576.00 |937589.69|184777474048.00|
|          |      |              |      |      |      |
|326       |2017  |3350.00|12213653504.00 |944846.31|194940223488.00|
|          |      |              |      |      |      |
|327       |2017  |3360.00|12763270144.00 |952143.19|205661929472.00|
|          |      |              |      |      |      |
|328       |2017  |3370.00|13337619456.00 |959480.44|216973328384.00|
|          |      |              |      |      |      |
|329       |2017  |3380.00|13937814528.00 |966858.25|228906844160.00|
|          |      |              |      |      |      |
|330       |2017  |3390.00|14565018624.00 |974276.81|241496702976.00|
|          |      |              |      |      |      |
|331       |2017  |3400.00|15220447232.00 |981736.31|254779015168.00|
|          |      |              |      |      |      |
|332       |2017  |3410.00|15905370112.00 |989236.88|268791840768.00|
|          |      |              |      |      |      |
|333       |2017  |3420.00|16621114368.00 |996778.69|283575386112.00|
|          |      |              |      |      |      |
|334       |2017  |3430.00|17369067520.00 |1004361.94|299172003840.00|
|          |      |              |      |      |      |
|335       |2017  |3440.00|18150678528.00 |1011986.75|315626455040.00|
|          |      |              |      |      |      |
|336       |2017  |3450.00|18967461888.00 |1019653.38|332985892864.00|
|          |      |              |      |      |      |
|337       |2017  |3460.00|19821000704.00 |1027361.94|351300091904.00|
|          |      |              |      |      |      |
|338       |2017  |3470.00|20712949760.00 |1035112.63|370621579264.00|
|          |      |              |      |      |      |
|339       |2017  |3480.00|21645035520.00 |1042905.63|391005732864.00|
|          |      |              |      |      |      |
|340       |2017  |3490.00|22619064320.00 |1050741.13|412511043584.00|
|          |      |              |      |      |      |
|341       |2017  |3500.00|23636924416.00 |1058619.25|435199115264.00|
|          |      |              |      |      |      |
|342       |2017  |3510.00|24700590080.00 |1066540.13|459135057920.00|
|          |      |              |      |      |      |
|343       |2017  |3520.00|25812119552.00 |1074504.00|484387454976.00|
|          |      |              |      |      |      |
|344       |2017  |3530.00|26973667328.00 |1082511.13|511028723712.00|
|          |      |              |      |      |      |
|345       |2017  |3540.00|28187486208.00 |1090561.63|539135279104.00|
|          |      |              |      |      |      |
|346       |2017  |3550.00|29455925248.00 |1098655.63|568787664896.00|
|          |      |              |      |      |      |
|347       |2017  |3560.00|30781444096.00 |1106793.38|600070946816.00|
|          |      |              |      |      |      |
|348       |2017  |3570.00|32166610944.00 |1114975.00|633074810880.00|
|          |      |              |      |      |      |
|349       |2017  |3580.00|33614110720.00 |1123200.75|667893891072.00|
|          |      |              |      |      |      |
|350       |2017  |3590.00|35126747136.00 |1131470.75|704627998720.00|
|          |      |              |      |      |      |
|351       |2017  |3600.00|36707454976.00 |1139785.25|743382515712.00|
|          |      |              |      |      |      |
|352       |2017  |3610.00|38359293952.00 |1148144.38|784268525568.00|
|          |      |              |      |      |      |
|353       |2017  |3620.00|40085463040.00 |1156548.25|827403272192.00|
|          |      |              |      |      |      |
|354       |2017  |3630.00|41889312768.00 |1164997.25|872910422016.00|
|          |      |              |      |      |      |
|355       |2017  |3640.00|43774332928.00 |1173491.38|920920457216.00|
|          |      |              |      |      |      |
|356       |2017  |3650.00|45744181248.00 |1182030.88|971571003392.00|
|          |      |              |      |      |      |
|357       |2017  |3660.00|47802671104.00 |1190616.00|1025007353856.00|
|          |      |              |      |      |      |
|358       |2017  |3670.00|49953792000.00 |1199246.88|1081382731776.00|
|          |      |              |      |      |      |
|359       |2017  |3680.00|52201713664.00 |1207923.75|1140858683392.00|
|          |      |              |      |      |      |
|360       |2017  |3690.00|54550794240.00 |1216646.75|1203605864448.00|
|          |      |              |      |      |      |
|361       |2017  |3700.00|57005580288.00 |1225416.13|1269804171264.00|
|          |      |              |      |      |      |
|362       |2017  |3710.00|59570831360.00 |1234232.00|1339643396096.00|
|          |      |              |      |      |      |
|363       |2017  |3720.00|62251520000.00 |1243094.63|1413323685888.00|
|          |      |              |      |      |      |
|364       |2017  |3730.00|65052839936.00 |1252004.13|1491056459776.00|
|          |      |              |      |      |      |
|365       |2017  |3740.00|67980218368.00 |1260960.75|1573064540160.00|
|          |      |              |      |      |      |
|366       |2017  |3750.00|71039328256.00 |1269964.75|1659583070208.00|
|          |      |              |      |      |      |
|367       |2017  |3760.00|74236092416.00 |1279016.25|1750860038144.00|
|          |      |              |      |      |      |
|368       |2017  |3770.00|77576716288.00 |1288115.50|1847157194752.00|
|          |      |              |      |      |      |
|369       |2017  |3780.00|81067663360.00 |1297262.63|1948750708736.00|
|          |      |              |      |      |      |
|370       |2017  |3790.00|84715708416.00 |1306457.88|2055931953152.00|
|          |      |              |      |      |      |
|371       |2017  |3800.00|88527912960.00 |1315701.50|2169008160768.00|
|          |      |              |      |      |      |
|372       |2017  |3810.00|92511666176.00 |1324993.63|2288303472640.00|
|          |      |              |      |      |      |
|373       |2017  |3820.00|96674684928.00 |1334334.38|2414160117760.00|
|          |      |              |      |      |      |
|374       |2017  |3830.00|101025038336.00 |1343724.13|2546938675200.00|
|          |      |              |      |      |      |
|375       |2017  |3840.00|105571164160.00 |1353163.00|2687020040192.00|
|          |      |              |      |      |      |
|376       |2017  |3850.00|110321860608.00 |1362651.13|2834806079488.00|
|          |      |              |      |      |      |
|377       |2017  |3860.00|115286343680.00 |1372188.88|2990720155648.00|
|          |      |              |      |      |      |
|378       |2017  |3870.00|120474222592.00 |1381776.38|3155209486336.00|
|          |      |              |      |      |      |
|379       |2017  |3880.00|125895557120.00 |1391413.75|3328745930752.00|
|          |      |              |      |      |      |
|380       |2017  |3890.00|131560849408.00 |1401101.25|3511826776064.00|
|          |      |              |      |      |      |
|381       |2017  |3900.00|137481076736.00 |1410839.13|3704977096704.00|
|          |      |              |      |      |      |
|382       |2017  |3910.00|143667724288.00 |1420627.63|3908750540800.00|
|          |      |              |      |      |      |
|383       |2017  |3920.00|150132768768.00 |1430466.88|4123731689472.00|
|          |      |              |      |      |      |
|384       |2017  |3930.00|156888743936.00 |1440357.13|4350536843264.00|
|          |      |              |      |      |      |
|385       |2017  |3940.00|163948724224.00 |1450298.63|4589816381440.00|
|          |      |              |      |      |      |
|386       |2017  |3950.00|171326406656.00 |1460291.50|4842255810560.00|
|          |      |              |      |      |      |
|387       |2017  |3960.00|179036094464.00 |1470336.00|5108579434496.00|
|          |      |              |      |      |      |
|388       |2017  |3970.00|187092713472.00 |1480432.38|5389551140864.00|
|          |      |              |      |      |      |
|389       |2017  |3980.00|195511877632.00 |1490580.88|5685976236032.00|
|          |      |              |      |      |      |
|390       |2017  |3990.00|204309905408.00 |1500781.63|5998704590848.00|
|          |      |              |      |      |      |
|391       |2017  |4000.00|213503836160.00 |1511034.88|6328633262080.00|
|          |      |              |      |      |      |
|392       |2017  |4010.00|223111495680.00 |1521340.88|6676707540992.00|
|          |      |              |      |      |      |
|393       |2017  |4020.00|233151496192.00 |1531699.75|7043926196224.00|
|          |      |              |      |      |      |
|394       |2017  |4030.00|243643301888.00 |1542111.88|7431341998080.00|
|          |      |              |      |      |      |
|395       |2017  |4040.00|254607245312.00 |1552577.38|7840065388544.00|
|          |      |              |      |      |      |
|396       |2017  |4050.00|266064560128.00 |1563096.50|8271268675584.00|
|          |      |              |      |      |      |
|397       |2017  |4060.00|278037463040.00 |1573669.38|8726188130304.00|
|          |      |              |      |      |      |
|398       |2017  |4070.00|290549137408.00 |1584296.38|9206128181248.00|
|          |      |              |      |      |      |
|399       |2017  |4080.00|303623831552.00 |1594977.63|9712464560128.00|
|          |      |              |      |      |      |
|400       |2017  |4090.00|317286875136.00 |1605713.38|10246650068992.00|
|          |      |              |      |      |      |
|401       |2017  |4100.00|331564777472.00 |1616503.88|10810215628800.00|
|          |      |              |      |      |      |
|402       |2017  |4110.00|346485161984.00 |1627349.25|11404777095168.00|
|          |      |              |      |      |      |
|403       |2017  |4120.00|362076995584.00 |1638249.88|12032039452672.00|
|          |      |              |      |      |      |
|404       |2017  |4130.00|378370457600.00 |1649205.88|12693801009152.00|
|          |      |              |      |      |      |
|405       |2017  |4140.00|395397103616.00 |1660217.63|13391959687168.00|
|          |      |              |      |      |      |
|406       |2017  |4150.00|413189963776.00 |1671285.25|14128517218304.00|
|          |      |              |      |      |      |
|407       |2017  |4160.00|431783510016.00 |1682409.00|14905585434624.00|
|          |      |              |      |      |      |
|408       |2017  |4170.00|451213754368.00 |1693589.00|15725391511552.00|
|          |      |              |      |      |      |
|409       |2017  |4180.00|471518347264.00 |1704825.63|16590287405056.00|
|          |      |              |      |      |      |
|410       |2017  |4190.00|492736643072.00 |1716119.13|17502751948800.00|
|          |      |              |      |      |      |
|411       |2017  |4200.00|514909765632.00 |1727469.63|18465402388480.00|
|          |      |              |      |      |      |
|412       |2017  |4210.00|538080673792.00 |1738877.38|19480998576128.00|
|          |      |              |      |      |      |
|413       |2017  |4220.00|562294292480.00 |1750342.75|20552452407296.00|
|          |      |              |      |      |      |
|414       |2017  |4230.00|587597479936.00 |1761865.88|21682836209664.00|
|          |      |              |      |      |      |
|415       |2017  |4240.00|614039355392.00 |1773447.00|22875390083072.00|
|          |      |              |      |      |      |
|416       |2017  |4250.00|641671102464.00 |1785086.38|24133534482432.00|
|          |      |              |      |      |      |
|417       |2017  |4260.00|670546264064.00 |1796784.25|25460878606336.00|
|          |      |              |      |      |      |
|418       |2017  |4270.00|700720807936.00 |1808540.88|26861224591360.00|
|          |      |              |      |      |      |
|419       |2017  |4280.00|732253192192.00 |1820356.50|28338590580736.00|
|          |      |              |      |      |      |
|420       |2017  |4290.00|765204561920.00 |1832231.38|29897210724352.00|
|          |      |              |      |      |      |
|421       |2017  |4300.00|799638749184.00 |1844165.63|31541556150272.00|
|          |      |              |      |      |      |
|422       |2017  |4310.00|835622469632.00 |1856159.63|33276339159040.00|
|          |      |              |      |      |      |
|423       |2017  |4320.00|873225453568.00 |1868213.63|35106536292352.00|
|          |      |              |      |      |      |
|424       |2017  |4330.00|912520577024.00 |1880327.88|37037394624512.00|
|          |      |              |      |      |      |
|425       |2017  |4340.00|953583992832.00 |1892502.63|39074450636800.00|
|          |      |              |      |      |      |
|426       |2017  |4350.00|996495261696.00 |1904738.00|41223544897536.00|
|          |      |              |      |      |      |
|427       |2017  |4360.00|1041337483264.00 |1917034.38|43490838839296.00|
|          |      |              |      |      |      |
|428       |2017  |4370.00|1088197623808.00 |1929392.00|45882833633280.00|
|          |      |              |      |      |      |
|429       |2017  |4380.00|1137166516224.00 |1941811.13|48406386966528.00|
|          |      |              |      |      |      |
|430       |2017  |4390.00|1188338991104.00 |1954292.00|51068734013440.00|
|          |      |              |      |      |      |
|431       |2017  |4400.00|1241814138880.00 |1966834.88|53877512601600.00|
|          |      |              |      |      |      |
|432       |2017  |4410.00|1297695768576.00 |1979440.00|56840771600384.00|
|          |      |              |      |      |      |
|433       |2017  |4420.00|1356092014592.00 |1992107.63|59967012864000.00|
|          |      |              |      |      |      |
|434       |2017  |4430.00|1417116123136.00 |2004838.13|63265195425792.00|
|          |      |              |      |      |      |
|435       |2017  |4440.00|1480886321152.00 |2017631.63|66744777441280.00|
|          |      |              |      |      |      |
|436       |2017  |4450.00|1547526078464.00 |2030488.38|70415737159680.00|
|          |      |              |      |      |      |
|437       |2017  |4460.00|1617164632064.00 |2043408.75|74288598089728.00|
|          |      |              |      |      |      |
|438       |2017  |4470.00|1689936986112.00 |2056393.00|78374470942720.00|
|          |      |              |      |      |      |
|439       |2017  |4480.00|1765984043008.00 |2069441.25|82685066215424.00|
|          |      |              |      |      |      |
|440       |2017  |4490.00|1845453258752.00 |2082553.88|87232740327424.00|
|          |      |              |      |      |      |
|441       |2017  |4500.00|1928498511872.00 |2095731.13|92030537564160.00|
|          |      |              |      |      |      |
|442       |2017  |4510.00|2015280889856.00 |2108973.25|97092215242752.00|
|          |      |              |      |      |      |
|443       |2017  |4520.00|2105968427008.00 |2122280.75|102432285655040.00|
|          |      |              |      |      |      |
|444       |2017  |4530.00|2200736890880.00 |2135653.50|108066058010624.00|
|          |      |              |      |      |      |
|445       |2017  |4540.00|2299769913344.00 |2149092.00|114009688768512.00|
|          |      |              |      |      |      |
|446       |2017  |4550.00|2403259383808.00 |2162596.50|120280215191552.00|
|          |      |              |      |      |      |
|447       |2017  |4560.00|2511405842432.00 |2176167.25|126895622455296.00|
|          |      |              |      |      |      |
|448       |2017  |4570.00|2624419004416.00 |2189804.50|133874877202432.00|
|          |      |              |      |      |      |
|449       |2017  |4580.00|2742517760000.00 |2203508.75|141237986263040.00|
|          |      |              |      |      |      |
|450       |2017  |4590.00|2865930960896.00 |2217280.00|149006072152064.00|
|          |      |              |      |      |      |
|451       |2017  |4600.00|2994897682432.00 |2231118.75|157201406623744.00|
|          |      |              |      |      |      |
|452       |2017  |4610.00|3129668009984.00 |2245025.00|165847477780480.00|
|          |      |              |      |      |      |
|453       |2017  |4620.00|3270503038976.00 |2258999.25|174969082347520.00|
|          |      |              |      |      |      |
|454       |2017  |4630.00|3417675661312.00 |2273041.75|184592376004608.00|
|          |      |              |      |      |      |
|455       |2017  |4640.00|3571470827520.00 |2287152.75|194744940494848.00|
|          |      |              |      |      |      |
|456       |2017  |4650.00|3732186857472.00 |2301332.50|205455901065216.00|
|          |      |              |      |      |      |
|457       |2017  |4660.00|3900135178240.00 |2315581.50|216755960020992.00|
|          |      |              |      |      |      |
|458       |2017  |4670.00|4075641110528.00 |2329899.75|228677530943488.00|
|          |      |              |      |      |      |
|459       |2017  |4680.00|4259044655104.00 |2344287.75|241254789021696.00|
|          |      |              |      |      |      |
|460       |2017  |4690.00|4450701279232.00 |2358745.50|254523788492800.00|
|          |      |              |      |      |      |
|461       |2017  |4700.00|4650982440960.00 |2373273.50|268522580082688.00|
|          |      |              |      |      |      |
|462       |2017  |4710.00|4860276637696.00 |2387872.25|283291311669248.00|
|          |      |              |      |      |      |
|463       |2017  |4720.00|5078988619776.00 |2402541.75|298872312168448.00|
|          |      |              |      |      |      |
|464       |2017  |4730.00|5307543060480.00 |2417282.25|315310259306496.00|
|          |      |              |      |      |      |
|465       |2017  |4740.00|5546382458880.00 |2432094.25|332652297060352.00|
|          |      |              |      |      |      |
|466       |2017  |4750.00|5795969236992.00 |2446978.00|350948153098240.00|
|          |      |              |      |      |      |
|467       |2017  |4760.00|6056787836928.00 |2461933.75|370250272997376.00|
|          |      |              |      |      |      |
|468       |2017  |4770.00|6329343148032.00 |2476961.75|390614021570560.00|
|          |      |              |      |      |      |
|469       |2017  |4780.00|6614163128320.00 |2492062.50|412097783529472.00|
|          |      |              |      |      |      |
|470       |2017  |4790.00|6911800377344.00 |2507236.00|434763131256832.00|
|          |      |              |      |      |      |
|471       |2017  |4800.00|7222831087616.00 |2522482.75|458675093241856.00|
|          |      |              |      |      |      |
|472       |2017  |4810.00|7547858190336.00 |2537803.00|483902187634688.00|
|          |      |              |      |      |      |
|473       |2017  |4820.00|7887511355392.00 |2553197.25|510516791345152.00|
|          |      |              |      |      |      |
|474       |2017  |4830.00|8242449088512.00 |2568665.50|538595173597184.00|
|          |      |              |      |      |      |
|475       |2017  |4840.00|8613358731264.00 |2584208.25|568217865027584.00|
|          |      |              |      |      |      |
|476       |2017  |4850.00|9000959606784.00 |2599825.75|599469791903744.00|
|          |      |              |      |      |      |
|477       |2017  |4860.00|9406002495488.00 |2615518.25|632440578113536.00|
|          |      |              |      |      |      |
|478       |2017  |4870.00|9829271732224.00 |2631286.25|667224780046336.00|
|          |      |              |      |      |      |
|479       |2017  |4880.00|10271588352000.00 |2647130.00|703922121474048.00|
|          |      |              |      |      |      |
|480       |2017  |4890.00|10733809041408.00 |2663049.75|742637829095424.00|
|          |      |              |      |      |      |
|481       |2017  |4900.00|11216830332928.00 |2679045.75|783482900971520.00|
|          |      |              |      |      |      |
|482       |2017  |4910.00|11721587556352.00 |2695118.50|826574442070016.00|
|          |      |              |      |      |      |
|483       |2017  |4920.00|12249057984512.00 |2711268.25|872035999809536.00|
|          |      |              |      |      |      |
|484       |2017  |4930.00|12800265027584.00 |2727495.25|919997966712832.00|
|          |      |              |      |      |      |
|485       |2017  |4940.00|13376276135936.00 |2743799.75|970597781733376.00|
|          |      |              |      |      |      |
|486       |2017  |4950.00|13978208043008.00 |2760182.25|1023980601344000.00|
|          |      |              |      |      |      |
|487       |2017  |4960.00|14607226765312.00 |2776643.00|1080299500863488.00|
|          |      |              |      |      |      |
|488       |2017  |4970.00|15264551796736.00 |2793182.25|1139715877109760.00|
|          |      |              |      |      |      |
|489       |2017  |4980.00|15951456108544.00 |2809800.50|1202400253706240.00|
|          |      |              |      |      |      |
|490       |2017  |4990.00|16669271392256.00 |2826498.00|1268532146864128.00|
|          |      |              |      |      |      |
|491       |2017  |5000.00|17419388059648.00 |2843275.00|1338301340450816.00|
|          |      |              |      |      |      |
|492       |2017  |5010.00|18203260485632.00 |2860132.00|1411907818881024.00|
|          |      |              |      |      |      |
|493       |2017  |5020.00|19022405959680.00 |2877069.25|1489562706640896.00|
|          |      |              |      |      |      |
|494       |2017  |5030.00|19878413074432.00 |2894087.00|1571488536723456.00|
|          |      |              |      |      |      |
|495       |2017  |5040.00|20772940677120.00 |2911185.75|1657920324370432.00|
|          |      |              |      |      |      |
|496       |2017  |5050.00|21707723112448.00 |2928365.75|1749105835507712.00|
|          |      |              |      |      |      |
|497       |2017  |5060.00|22684570222592.00 |2945627.25|1845306526269440.00|
|          |      |              |      |      |      |
|498       |2017  |5070.00|23705375735808.00 |2962970.75|1946798348304384.00|
|          |      |              |      |      |      |
|499       |2017  |5080.00|24772117266432.00 |2980396.50|2053872151429120.00|
|          |      |              |      |      |      |
|500       |2017  |5090.00|25886860509184.00 |2997904.75|2166835025805312.00|
|          |      |              |      |      |      |
|501       |2017  |5100.00|27051767627776.00 |3015496.00|2286010838810624.00|
|          |      |              |      |      |      |
|502       |2017  |5110.00|28269095157760.00 |3033170.50|2411741442998272.00|
|          |      |              |      |      |      |
|503       |2017  |5120.00|29541202395136.00 |3050928.75|2544387212967936.00|
|          |      |              |      |      |      |
|504       |2017  |5130.00|30870555590656.00 |3068771.00|2684328253325312.00|
|          |      |              |      |      |      |
|505       |2017  |5140.00|32259730046976.00 |3086697.50|2831966143512576.00|
|          |      |              |      |      |      |
|506       |2017  |5150.00|33711416410112.00 |3104708.75|2987724206243840.00|
|          |      |              |      |      |      |
|507       |2017  |5160.00|35228429058048.00 |3122805.00|3152048849682432.00|
|          |      |              |      |      |      |
|508       |2017  |5170.00|36813708197888.00 |3140986.75|3325411446489088.00|
|          |      |              |      |      |      |
|509       |2017  |5180.00|38470324060160.00 |3159254.25|3508308870692864.00|
|          |      |              |      |      |      |
|510       |2017  |5190.00|40201485287424.00 |3177607.75|3701265645174784.00|
|          |      |              |      |      |      |
|511       |2017  |5200.00|42010551517184.00 |3196047.75|3904835015409664.00|
|          |      |              |      |      |      |
|512       |2017  |5210.00|43901024993280.00 |3214574.50|4119600828514304.00|
|          |      |              |      |      |      |
|513       |2017  |5220.00|45876567343104.00 |3233188.50|4346178606989312.00|
|          |      |              |      |      |      |
|514       |2017  |5230.00|47941012160512.00 |3251890.00|4585217964638208.00|
|          |      |              |      |      |      |
|515       |2017  |5240.00|50098356617216.00 |3270679.50|4837404485615616.00|
|          |      |              |      |      |      |
|516       |2017  |5250.00|52352782434304.00 |3289557.25|5103461603475456.00|
|          |      |              |      |      |      |
|517       |2017  |5260.00|54708655882240.00 |3308523.75|5384151674912768.00|
|          |      |              |      |      |      |
|518       |2017  |5270.00|57170544558080.00 |3327579.25|5680279469424640.00|
|          |      |              |      |      |      |
|519       |2017  |5280.00|59743217385472.00 |3346724.25|5992694316793856.00|
|          |      |              |      |      |      |
|520       |2017  |5290.00|62431661391872.00 |3365959.00|6322292254572544.00|
|          |      |              |      |      |      |
|521       |2017  |5300.00|65241081708544.00 |3385283.75|6670018175565824.00|
|          |      |              |      |      |      |
|522       |2017  |5310.00|68176926736384.00 |3404699.00|7036869049057280.00|
|          |      |              |      |      |      |
|523       |2017  |5320.00|71244883951616.00 |3424205.25|7423896605163520.00|
|          |      |              |      |      |      |
|524       |2017  |5330.00|74450900877312.00 |3443802.75|7832210556059648.00|
|          |      |              |      |      |      |
|525       |2017  |5340.00|77801185083392.00 |3463492.00|8262981817204736.00|
|          |      |              |      |      |      |
|526       |2017  |5350.00|81302237741056.00 |3483273.25|8717445191696384.00|
|          |      |              |      |      |      |
|527       |2017  |5360.00|84960836845568.00 |3503147.00|9196904738979840.00|
|          |      |              |      |      |      |
|528       |2017  |5370.00|88784070770688.00 |3523113.50|9702733774848000.00|
|          |      |              |      |      |      |
|529       |2017  |5380.00|92779346657280.00 |3543173.25|10236383461376000.00|
|          |      |              |      |      |      |
|530       |2017  |5390.00|96954415579136.00 |3563326.50|10799383880663040.00|
|          |      |              |      |      |      |
|531       |2017  |5400.00|101317364154368.00 |3583573.75|11393349940412416.00|
|          |      |              |      |      |      |
|532       |2017  |5410.00|105876639711232.00 |3603915.25|12019983521415168.00|
|          |      |              |      |      |      |
|533       |2017  |5420.00|110641083842560.00 |3624351.50|12681082067484672.00|
|          |      |              |      |      |      |
|534       |2017  |5430.00|115619924017152.00 |3644883.00|13378540732940288.00|
|          |      |              |      |      |      |
|535       |2017  |5440.00|120822815522816.00 |3665510.00|14114359898800128.00|
|          |      |              |      |      |      |
|536       |2017  |5450.00|126259833077760.00 |3686233.00|14890649467748352.00|
|          |      |              |      |      |      |
|537       |2017  |5460.00|131941521162240.00 |3707052.25|15709634232844288.00|
|          |      |              |      |      |      |
|538       |2017  |5470.00|137878885629952.00 |3727968.25|16573663541198848.00|
|          |      |              |      |      |      |
|539       |2017  |5480.00|144083435651072.00 |3748981.50|17485214515200000.00|
|          |      |              |      |      |      |
|540       |2017  |5490.00|150567192100864.00 |3770092.25|18446899568705536.00|
|          |      |              |      |      |      |
